0 0.244124 0.970010 0.035779 0.032527
0 0.228944 0.938568 0.033611 0.021684
0 0.090164 0.885441 0.041200 0.097580
0 0.153121 0.383093 0.028541 0.029638
0 0.182210 0.385837 0.020857 0.026345
0 0.161354 0.444016 0.026345 0.024150
0 0.161354 0.413280 0.019759 0.021954
0 0.172331 0.487376 0.019759 0.031834
0 0.199774 0.512624 0.012075 0.018661
0 0.046642 0.545006 0.019759 0.019759
0 0.234901 0.291433 0.023052 0.013173
0 0.290885 0.357297 0.018661 0.021954
0 0.069145 0.414378 0.014270 0.019759
0 0.277718 0.432629 0.025858 0.015913
0 0.436906 0.450189 0.011069 0.013283
0 0.445208 0.466793 0.016604 0.017710
0 0.018496 0.498893 0.015497 0.019924
0 0.285814 0.724702 0.025459 0.019924
0 0.028122 0.931242 0.011610 0.013269
0 0.047611 0.926266 0.022391 0.016586
0 0.006597 0.844355 0.013194 0.020285
0 0.037244 0.866970 0.018245 0.022391
0 0.041806 0.888947 0.025709 0.024879
0 0.054660 0.858677 0.019903 0.024050
0 0.054660 0.821773 0.016586 0.014928
0 0.058392 0.810577 0.017416 0.019074
0 0.068758 0.823017 0.016586 0.017416
0 0.067514 0.888947 0.015757 0.006634
0 0.068758 0.900143 0.014928 0.014098
0 0.013194 0.861580 0.014928 0.016586
0 0.056319 0.751696 0.026538 0.020733
0 0.043050 0.729305 0.018245 0.024050
0 0.026463 0.719767 0.019903 0.023221
0 0.020243 0.535660 0.019074 0.018245
0 0.018585 0.551832 0.010781 0.012440
0 0.032268 0.557222 0.018245 0.016586
0 0.105248 0.572150 0.013269 0.019903
0 0.116858 0.562198 0.016586 0.018245
0 0.139250 0.569662 0.016586 0.016586
0 0.170349 0.517416 0.015757 0.016586
0 0.223010 0.505805 0.019903 0.018245
0 0.209741 0.529855 0.019074 0.029855
0 0.117688 0.339114 0.014928 0.018245
0 0.083271 0.303453 0.015757 0.023221
0 0.393019 0.448583 0.014928 0.016586
0 0.398824 0.478438 0.015757 0.014928
0 0.475950 0.475121 0.009952 0.014928
0 0.442363 0.509952 0.014098 0.011610
0 0.251621 0.616518 0.017416 0.032343
0 0.303453 0.626055 0.016586 0.016586
0 0.308014 0.662130 0.017416 0.019074
0 0.310917 0.676643 0.014928 0.014928
0 0.320039 0.689912 0.014928 0.016586
0 0.323771 0.651349 0.034002 0.035660
0 0.346577 0.679961 0.015757 0.014928
0 0.386799 0.742988 0.021562 0.021562
0 0.244572 0.843749 0.015757 0.025709
0 0.231718 0.821358 0.018245 0.014098
0 0.203521 0.846652 0.019903 0.023221
0 0.196057 0.901801 0.015757 0.020733
0 0.241670 0.764550 0.024050 0.031514
0 0.470559 0.750867 0.019074 0.015757
0 0.465584 0.766209 0.017416 0.014928
0 0.293087 0.795235 0.017416 0.031514
0 0.308844 0.786942 0.027367 0.048100
0 0.330406 0.785698 0.008293 0.024050
0 0.320869 0.812650 0.021562 0.024879
0 0.481755 0.875678 0.018245 0.016586
0 0.486731 0.845823 0.013269 0.014928
0 0.495439 0.835042 0.018245 0.014928
0 0.482584 0.829237 0.014928 0.013269
0 0.474291 0.795235 0.014098 0.013269
0 0.430753 0.831724 0.020733 0.011610
0 0.416240 0.809748 0.018245 0.015757
0 0.371457 0.871117 0.013269 0.032343
0 0.384726 0.873190 0.014928 0.033172
0 0.162470 0.845408 0.016586 0.015757
0 0.193570 0.871531 0.027367 0.018245
0 0.335382 0.837530 0.015757 0.016586
0 0.333308 0.863238 0.010781 0.016586
0 0.364408 0.909265 0.043953 0.055564
0 0.378506 0.943267 0.016586 0.015757
0 0.391360 0.957780 0.012440 0.011610
0 0.472218 0.926266 0.036490 0.051417
0 0.451485 0.918387 0.034831 0.065516
0 0.966902 0.984318 0.015757 0.023221
0 0.876093 0.803528 0.031514 0.046441
0 0.890191 0.830066 0.085419 0.074638
0 0.876093 0.891435 0.048929 0.049759
0 0.966164 0.725158 0.062381 0.078785
0 0.382238 0.796064 0.015757 0.028197
0 0.378506 0.962756 0.009952 0.014928
0 0.368554 0.967317 0.013269 0.017416
0 0.404215 0.961097 0.015757 0.013269
0 0.406288 0.932071 0.034002 0.026538
0 0.418313 0.973122 0.017416 0.017416
0 0.476365 0.973951 0.028197 0.045612
0 0.504561 0.982659 0.019903 0.016586
0 0.565930 0.930827 0.021562 0.014098
0 0.547685 0.934974 0.017416 0.022391
0 0.576711 0.952389 0.018245 0.014098
0 0.578370 0.966073 0.017416 0.018245
0 0.575629 0.988763 0.012763 0.017183
0 0.609884 0.965658 0.015757 0.015757
0 0.660057 0.926681 0.020733 0.025709
0 0.654667 0.899313 0.014928 0.017416
0 0.632275 0.887703 0.013269 0.014098
0 0.630617 0.904704 0.029026 0.029855
0 0.708986 0.905533 0.015757 0.016586
0 0.757501 0.892679 0.018245 0.020733
0 0.729719 0.928754 0.013269 0.014928
0 0.818870 0.969805 0.020733 0.019074
0 0.766624 0.951975 0.013269 0.014928
0 0.837530 0.956950 0.012440 0.016586
0 0.833798 0.974366 0.016586 0.011610
0 0.846237 0.984732 0.015757 0.024050
0 0.596615 0.983903 0.017416 0.015757
0 0.762062 0.865726 0.015757 0.018245
0 0.710230 0.843335 0.019074 0.014928
0 0.723499 0.862824 0.018245 0.022391
0 0.623982 0.769941 0.013269 0.022391
0 0.520733 0.788186 0.011610 0.019074
0 0.521562 0.826334 0.014098 0.017416
0 0.545612 0.817212 0.026538 0.017416
0 0.526123 0.760404 0.016586 0.014928
0 0.550173 0.774087 0.018245 0.015757
0 0.514513 0.740500 0.030685 0.044783
0 0.567174 0.796893 0.018245 0.018245
0 0.480511 0.660472 0.017416 0.017416
0 0.500000 0.607396 0.018245 0.037319
0 0.520318 0.631031 0.012440 0.018245
0 0.564272 0.666277 0.016586 0.019074
0 0.531928 0.566345 0.018245 0.018245
0 0.570077 0.535246 0.015757 0.024050
0 0.575053 0.515757 0.015757 0.014928
0 0.587492 0.530270 0.019074 0.019074
0 0.514513 0.548515 0.015757 0.017416
0 0.549344 0.534002 0.024050 0.018245
0 0.445265 0.546856 0.016586 0.017416
0 0.458120 0.545197 0.020733 0.030685
0 0.617762 0.570906 0.016586 0.019074
0 0.625226 0.495439 0.016586 0.027367
0 0.628543 0.509537 0.018245 0.020733
0 0.661716 0.516586 0.018245 0.014928
0 0.843749 0.924193 0.017416 0.014098
0 0.847481 0.942438 0.022391 0.017416
0 0.870287 0.923363 0.014928 0.014098
0 0.961512 0.776575 0.012440 0.017416
0 0.979757 0.817626 0.017416 0.016586
0 0.968561 0.848311 0.015757 0.016586
0 0.989294 0.845408 0.015757 0.012440
0 0.988464 0.859092 0.014928 0.013269
0 0.919217 0.841676 0.018245 0.014928
0 0.836286 0.819285 0.014928 0.019903
0 0.850799 0.814309 0.014928 0.014928
0 0.786527 0.828822 0.020733 0.014098
0 0.758745 0.826749 0.017416 0.016586
0 0.737598 0.809333 0.014098 0.014928
0 0.726817 0.791918 0.013269 0.011610
0 0.644300 0.771599 0.019074 0.017416
0 0.665862 0.767868 0.014928 0.019903
0 0.668765 0.740086 0.015757 0.024050
0 0.709401 0.929998 0.022391 0.027367
0 0.543953 0.683692 0.018245 0.017416
0 0.532343 0.696547 0.013269 0.018245
0 0.270695 0.705669 0.020733 0.023221
0 0.509122 0.667936 0.016586 0.012440
0 0.494195 0.679546 0.014928 0.015757
0 0.584590 0.691156 0.019074 0.017416
0 0.591639 0.708157 0.019903 0.014928
0 0.561369 0.720597 0.019903 0.018245
0 0.608225 0.691571 0.017416 0.014928
0 0.607396 0.728061 0.014098 0.018245
0 0.654667 0.757086 0.013269 0.013269
0 0.692400 0.672082 0.014098 0.040636
0 0.673741 0.701108 0.026538 0.029026
0 0.691571 0.733451 0.016586 0.015757
0 0.689083 0.751696 0.019074 0.019074
0 0.530685 0.662130 0.011610 0.022391
0 0.589566 0.771599 0.022391 0.030685
0 0.671253 0.658813 0.018245 0.020733
0 0.648447 0.656740 0.025709 0.033172
0 0.641812 0.626470 0.019903 0.017416
0 0.565101 0.627714 0.024879 0.024879
0 0.718109 0.623982 0.013269 0.012440
0 0.691986 0.623153 0.016586 0.015757
0 0.883971 0.621079 0.021562 0.014928
0 0.805601 0.667936 0.015757 0.019074
0 0.735524 0.665862 0.010781 0.013269
0 0.760404 0.674570 0.012440 0.012440
0 0.744232 0.655081 0.009952 0.011610
0 0.762892 0.651764 0.019903 0.016586
0 0.851628 0.684522 0.015757 0.017416
0 0.852043 0.667106 0.013269 0.012440
0 0.830066 0.672082 0.013269 0.012440
0 0.825090 0.655496 0.015757 0.015757
0 0.842920 0.643885 0.028197 0.053905
0 0.886874 0.690327 0.014928 0.014098
0 0.905948 0.694059 0.018245 0.018245
0 0.900557 0.717694 0.018245 0.014098
0 0.893508 0.730549 0.017416 0.016586
0 0.881068 0.721426 0.012440 0.023221
0 0.870287 0.742574 0.014928 0.015757
0 0.785283 0.752525 0.025709 0.022391
0 0.793576 0.692815 0.017416 0.019074
0 0.922119 0.762477 0.014098 0.029026
0 0.983488 0.783210 0.023221 0.030685
0 0.595371 0.740500 0.014098 0.014928
0 0.769111 0.728475 0.011610 0.012440
0 0.892264 0.947413 0.020733 0.014098
0 0.210570 0.472218 0.018245 0.017416
0 0.210985 0.378091 0.018245 0.021562
0 0.244987 0.411678 0.019903 0.012440
0 0.246231 0.385555 0.048100 0.033172
0 0.305527 0.388872 0.013269 0.018245
0 0.317552 0.385555 0.012440 0.016586
0 0.346163 0.393434 0.020733 0.015757
0 0.345748 0.363993 0.011610 0.016586
0 0.246231 0.343260 0.015757 0.026538
0 0.379335 0.329162 0.014098 0.031514
0 0.462681 0.345748 0.016586 0.014928
0 0.455632 0.362334 0.012440 0.023221
0 0.440290 0.369798 0.014928 0.018245
0 0.429923 0.332479 0.012440 0.021562
0 0.431291 0.290866 0.052165 0.095480
0 0.382853 0.247550 0.016767 0.020028
0 0.404045 0.236838 0.032137 0.027480
0 0.364944 0.415392 0.032572 0.031778
0 0.358986 0.451539 0.012711 0.015094
0 0.507944 0.270405 0.015889 0.016683
0 0.515094 0.253722 0.012711 0.013506
0 0.544092 0.264050 0.013506 0.021450
0 0.542900 0.324428 0.013506 0.018272
0 0.543297 0.352233 0.013506 0.016683
0 0.681134 0.349453 0.023039 0.036544
0 0.687092 0.370108 0.015889 0.023833
0 0.699803 0.362958 0.010328 0.014300
0 0.733567 0.338728 0.013506 0.023039
0 0.726020 0.280733 0.020656 0.023039
0 0.049062 0.656872 0.025143 0.029516
0 0.147449 0.797346 0.025143 0.026236
0 0.108641 0.828501 0.024050 0.022957
0 0.131051 0.829595 0.018584 0.033889
0 0.102081 0.869496 0.015305 0.030609
0 0.946150 0.975513 0.017753 0.043684
0 0.870589 0.536622 0.018584 0.029516
0 0.924155 0.560125 0.026236 0.043727
0 0.901198 0.539901 0.032795 0.033889
0 0.891906 0.427850 0.027330 0.017491
0 0.919782 0.402160 0.015305 0.020770
0 0.897372 0.384669 0.017491 0.018584
0 0.873322 0.390135 0.017491 0.016398
0 0.772203 0.383029 0.015305 0.021864
0 0.742687 0.261686 0.016398 0.026236
0 0.772203 0.288469 0.016398 0.018584
0 0.714810 0.257860 0.029516 0.020770
0 0.637741 0.297761 0.028423 0.039355
0 0.970069 0.416918 0.017491 0.021864
0 0.989724 0.430452 0.015261 0.022694
0 0.976081 0.479230 0.027330 0.041541
0 0.891359 0.342582 0.019677 0.028423
0 0.858017 0.290655 0.016398 0.029516
0 0.871136 0.337662 0.018584 0.029516
0 0.823036 0.253487 0.016398 0.018584
0 0.833967 0.280270 0.031702 0.028423
0 0.845992 0.320171 0.022957 0.027330
0 0.791333 0.338756 0.020770 0.014211
0 0.766737 0.343675 0.020770 0.019677
0 0.790240 0.318532 0.019677 0.017491
0 0.789147 0.280817 0.014211 0.014211
0 0.802265 0.294482 0.014211 0.010932
0 0.792973 0.302134 0.015305 0.015305
0 0.762101 0.246473 0.013881 0.013064
0 0.842527 0.460399 0.029394 0.021229
0 0.866206 0.426922 0.013064 0.008165
0 0.865798 0.413450 0.013881 0.013881
0 0.865390 0.446110 0.016330 0.015514
0 0.982968 0.591449 0.017963 0.018780
0 0.974802 0.600431 0.014697 0.018780
0 0.947041 0.614312 0.014697 0.020413
0 0.874371 0.473872 0.017963 0.013881
0 0.871513 0.370174 0.025312 0.018780
0 0.719642 0.586959 0.010615 0.016330
0 0.699637 0.557972 0.014697 0.015514
0 0.804559 0.532661 0.026128 0.017147
0 0.641257 0.570220 0.021229 0.030211
0 0.657995 0.548583 0.019596 0.019596
0 0.648605 0.479995 0.021229 0.022862
0 0.989500 0.450601 0.010615 0.014697
0 0.977252 0.445294 0.017147 0.017147
0 0.748220 0.321184 0.021229 0.012248
0 0.738014 0.304445 0.017963 0.011431
0 0.619211 0.156656 0.030211 0.019596
0 0.572670 0.166454 0.019596 0.017963
0 0.555115 0.160331 0.013881 0.020413
0 0.560014 0.135019 0.020413 0.015514
0 0.579202 0.143592 0.013064 0.016330
0 0.431005 0.104808 0.013881 0.012248
0 0.431413 0.117464 0.014697 0.009798
0 0.432229 0.131753 0.014697 0.015514
0 0.478771 0.110523 0.016330 0.010615
0 0.478362 0.137876 0.030211 0.034294
0 0.515514 0.139918 0.040826 0.028578
0 0.539193 0.134202 0.013064 0.015514
0 0.545725 0.146858 0.013881 0.011431
0 0.522862 0.209730 0.016330 0.014697
0 0.527353 0.230551 0.018780 0.025312
0 0.564096 0.216262 0.018780 0.032661
0 0.596757 0.268110 0.018780 0.015514
0 0.537968 0.059491 0.018780 0.017963
0 0.390995 0.144000 0.018780 0.018780
0 0.346496 0.315876 0.019596 0.022862
0 0.317101 0.303629 0.016330 0.016330
0 0.322408 0.319551 0.025312 0.017147
0 0.235450 0.262803 0.016330 0.017963
0 0.231367 0.279133 0.021229 0.013064
0 0.216262 0.284441 0.013881 0.013881
0 0.177886 0.269743 0.022046 0.018780
0 0.178702 0.285665 0.022046 0.016330
0 0.199523 0.294239 0.017963 0.010615
0 0.197890 0.304445 0.014697 0.011431
0 0.254230 0.262803 0.017963 0.017963
0 0.256679 0.277908 0.023679 0.017147
0 0.273826 0.250147 0.016330 0.018780
0 0.284032 0.228509 0.016330 0.011431
0 0.284032 0.215037 0.015514 0.015514
0 0.317918 0.241165 0.014697 0.017147
0 0.319959 0.228101 0.012248 0.015514
0 0.332207 0.248922 0.013881 0.014697
0 0.345271 0.243207 0.012248 0.013064
0 0.344046 0.266069 0.012248 0.021229
0 0.355885 0.261170 0.012248 0.017963
0 0.082762 0.457950 0.032661 0.050624
0 0.043977 0.393445 0.044908 0.034294
0 0.030097 0.387729 0.015514 0.021229
0 0.419573 0.469381 0.022046 0.021229
0 0.424064 0.369358 0.023679 0.040009
0 0.052959 0.048060 0.019596 0.017963
0 0.097459 0.011725 0.017963 0.020413
0 0.142775 0.041936 0.018780 0.025312
0 0.137468 0.063165 0.013064 0.020413
0 0.074597 0.024381 0.019596 0.029394
0 0.058266 0.030505 0.014697 0.018780
0 0.117464 0.032546 0.057972 0.063688
0 0.027239 0.041936 0.045725 0.082468
0 0.069289 0.076230 0.019596 0.012248
0 0.054592 0.081129 0.013881 0.015514
0 0.095418 0.085211 0.018780 0.018780
0 0.083170 0.103175 0.020413 0.025312
0 0.066023 0.114606 0.040009 0.048174
0 0.026831 0.118280 0.040009 0.050624
0 0.144000 0.136652 0.017963 0.018780
0 0.187275 0.026014 0.050624 0.050624
0 0.195849 0.039078 0.019596 0.019596
0 0.380381 0.018665 0.032661 0.035927
0 0.137060 0.231775 0.031844 0.029394
0 0.128078 0.256679 0.031844 0.025312
0 0.231367 0.066840 0.039193 0.044092
0 0.256271 0.087253 0.036743 0.050624
0 0.257496 0.120321 0.017147 0.017147
0 0.168087 0.092560 0.047358 0.064505
0 0.012191 0.218050 0.024381 0.033983
0 0.113789 0.201156 0.063688 0.133092
0 0.225243 0.208913 0.086550 0.094716
0 0.248922 0.221977 0.026128 0.031028
0 0.270968 0.205239 0.021229 0.017147
0 0.286074 0.192175 0.017147 0.013881
0 0.312610 0.157473 0.016330 0.017963
0 0.312610 0.173395 0.016330 0.017147
0 0.289748 0.023156 0.021229 0.013881
0 0.303629 0.036629 0.016330 0.014697
0 0.024789 0.471422 0.017147 0.018780
0 0.010909 0.462849 0.013881 0.019596
0 0.445702 0.191766 0.017963 0.034294
0 0.388546 0.193399 0.021229 0.017963
0 0.391404 0.048468 0.023679 0.023679
0 0.226468 0.020707 0.018780 0.022046
0 0.562463 0.072964 0.033477 0.023679
0 0.629826 0.094193 0.031844 0.040009
0 0.625335 0.047243 0.029394 0.052257
0 0.591041 0.057042 0.026128 0.032661
0 0.523271 0.034996 0.027761 0.040826
0 0.655546 0.037037 0.029394 0.038376
0 0.647789 0.061124 0.017147 0.040826
0 0.682491 0.047652 0.017963 0.023679
0 0.781697 0.026831 0.015514 0.039193
0 0.827422 0.083987 0.026945 0.037560
0 0.718417 0.087661 0.016330 0.031844
0 0.728215 0.112973 0.016330 0.018780
0 0.706986 0.116239 0.014697 0.022046
0 0.691472 0.103583 0.019596 0.021229
0 0.769041 0.139918 0.013064 0.017147
0 0.780064 0.135835 0.010615 0.015514
0 0.836812 0.191766 0.016330 0.017963
0 0.828647 0.206872 0.026128 0.023679
0 0.822523 0.235450 0.013881 0.012248
0 0.805376 0.220752 0.023679 0.017147
0 0.824156 0.349353 0.024495 0.019596
0 0.872330 0.260762 0.028578 0.028578
0 0.888660 0.284441 0.030211 0.015514
0 0.916422 0.074188 0.020413 0.027761
0 0.929486 0.070106 0.027761 0.027761
0 0.987303 0.062079 0.020103 0.034571
0 0.963371 0.058675 0.016330 0.042459
0 0.964188 0.333431 0.024495 0.046541
0 0.880495 0.318326 0.042459 0.022862
0 0.823747 0.573486 0.015514 0.015514
0 0.886619 0.566546 0.014697 0.014697
0 0.858041 0.558381 0.010615 0.013064
0 0.870289 0.560014 0.010615 0.013064
0 0.951532 0.546541 0.011431 0.012248
0 0.928669 0.484486 0.012248 0.018780
0 0.990365 0.515783 0.013979 0.016053
0 0.526128 0.008051 0.017147 0.011431
0 0.549399 0.006418 0.017147 0.009798
0 0.545316 0.024789 0.014697 0.017147
0 0.584509 0.032546 0.021229 0.013064
0 0.585326 0.016624 0.016330 0.017147
0 0.593083 0.008051 0.017147 0.014697
0 0.602881 0.037037 0.015514 0.018780
0 0.777614 0.214629 0.012248 0.022862
0 0.790270 0.242798 0.024495 0.017147
0 0.796803 0.257496 0.019596 0.013881
0 0.811092 0.242798 0.013881 0.013881
0 0.754344 0.144817 0.013064 0.012248
0 0.742913 0.144000 0.010615 0.012248
0 0.731481 0.141551 0.011431 0.015514
0 0.896417 0.410592 0.011431 0.014697
0 0.884169 0.408142 0.008165 0.013064
0 0.947449 0.322408 0.013881 0.016330
0 0.733931 0.377523 0.016330 0.013881
0 0.693922 0.294647 0.012248 0.016330
0 0.670243 0.300771 0.022046 0.018780
0 0.644931 0.211363 0.016330 0.019596
0 0.261986 0.330165 0.013881 0.010615
0 0.267702 0.340780 0.018780 0.012248
0 0.411000 0.509390 0.014697 0.019596
0 0.693514 0.195849 0.015514 0.011431
0 0.958880 0.515105 0.015514 0.019596
0 0.317509 0.450193 0.016330 0.015514
0 0.273418 0.411817 0.013881 0.020413
0 0.124812 0.863757 0.024495 0.026128
0 0.217895 0.861715 0.017147 0.012248
0 0.219936 0.874780 0.014697 0.012248
0 0.763734 0.361601 0.020413 0.011431
0 0.740463 0.405693 0.015514 0.016330
0 0.719642 0.415491 0.017147 0.021229
0 0.816399 0.484486 0.022862 0.030211
0 0.715968 0.514289 0.011431 0.019596
0 0.726582 0.526128 0.008982 0.018780
0 0.638807 0.861307 0.016330 0.019596
0 0.577977 0.857225 0.020413 0.017963
0 0.465298 0.833546 0.018780 0.021229
0 0.710608 0.134602 0.026267 0.017824
0 0.747664 0.166967 0.023453 0.022515
0 0.869151 0.199801 0.028144 0.020639
0 0.068933 0.581617 0.035649 0.016886
0 0.056738 0.612106 0.040339 0.030958
0 0.017336 0.572704 0.023453 0.017824
0 0.008434 0.592302 0.016867 0.031164
0 0.016877 0.625061 0.033754 0.033191
