0 0.075687 0.495603 0.035176 0.045436
0 0.116726 0.640705 0.049833 0.042505
0 0.017060 0.917717 0.033711 0.036642
0 0.021457 0.960954 0.038108 0.052764
0 0.267691 0.916251 0.043970 0.068887
0 0.225919 0.947763 0.030779 0.079146
0 0.187811 0.958023 0.033711 0.055696
0 0.155567 0.962420 0.030779 0.058627
0 0.117100 0.968305 0.031497 0.049877
0 0.098405 0.925045 0.058627 0.042505
0 0.370999 0.958045 0.052808 0.070396
0 0.427449 0.927244 0.058627 0.070352
0 0.676614 0.971214 0.060093 0.043970
0 0.633376 0.889869 0.073284 0.045436
0 0.853227 0.796066 0.048367 0.042505
0 0.868617 0.832708 0.046902 0.039573
0 0.888404 0.886205 0.043970 0.052764
0 0.899396 0.924313 0.054230 0.035176
0 0.905259 0.965351 0.051299 0.043970
0 0.084481 0.546902 0.049833 0.045436
0 0.280882 0.115261 0.041039 0.090872
0 0.239110 0.110131 0.042505 0.092337
0 0.763821 0.776280 0.058627 0.049833
0 0.258164 0.730111 0.039573 0.036642
0 0.297737 0.711790 0.039573 0.041039
0 0.941901 0.666354 0.042505 0.041039
0 0.803395 0.280882 0.041039 0.052764
0 0.887671 0.098405 0.057161 0.051299
0 0.464824 0.049305 0.043970 0.049833
0 0.696400 0.018526 0.057161 0.032245
0 0.797532 0.173155 0.042505 0.042505
0 0.891335 0.220056 0.045436 0.042505
0 0.955092 0.331447 0.049833 0.057161
0 0.729378 0.667820 0.052764 0.052764
0 0.113795 0.831242 0.098200 0.089406
0 0.709591 0.214194 0.052764 0.071818
0 0.824647 0.699332 0.039573 0.051299
0 0.156299 0.040511 0.067421 0.079146
0 0.022873 0.731538 0.045208 0.061092
0 0.035091 0.787743 0.067201 0.075754
0 0.029593 0.855554 0.050095 0.069645
0 0.050608 0.977854 0.047163 0.030778
0 0.898930 0.603245 0.130737 0.129515
0 0.913592 0.548263 0.040321 0.041542
0 0.868995 0.580030 0.043986 0.039099
0 0.114511 0.032647 0.050095 0.053761
0 0.052808 0.077245 0.074532 0.147842
0 0.096794 0.262964 0.070867 0.103856
0 0.372958 0.208274 0.030114 0.050817
0 0.442596 0.100053 0.052699 0.037642
0 0.967703 0.711737 0.039524 0.037642
0 0.949823 0.765377 0.045171 0.050817
0 0.586577 0.030415 0.039524 0.041406
0 0.631747 0.484002 0.030114 0.052699
0 0.624219 0.539524 0.052699 0.058345
0 0.598811 0.591282 0.052699 0.037642
0 0.639276 0.391779 0.077166 0.116691
0 0.951301 0.875216 0.083885 0.033351
0 0.155575 0.525408 0.071520 0.075284
0 0.780434 0.499059 0.039524 0.105398
0 0.159339 0.317436 0.035760 0.050817
0 0.125461 0.334375 0.043288 0.062109
