0 0.033784 0.066853 0.029274 0.030358
0 0.046795 0.047879 0.040116 0.031442
0 0.037579 0.176360 0.033611 0.049874
0 0.698955 0.698413 0.036864 0.035779
0 0.698413 0.806835 0.050958 0.040116
0 0.324356 0.387241 0.057464 0.059632
0 0.790572 0.831772 0.048790 0.035779
0 0.933302 0.541996 0.039793 0.036109
0 0.080330 0.706327 0.018423 0.016949
0 0.092121 0.722539 0.018423 0.014001
0 0.065224 0.700800 0.011791 0.014738
0 0.055644 0.699326 0.016212 0.011791
0 0.051959 0.711117 0.020633 0.011791
0 0.061171 0.743909 0.018423 0.012527
0 0.053065 0.761595 0.015475 0.012527
0 0.125282 0.729171 0.011054 0.012527
0 0.016315 0.960312 0.016566 0.014056
0 0.053097 0.772839 0.013124 0.011052
0 0.055169 0.785272 0.017959 0.012433
0 0.180191 0.725869 0.015196 0.013815
0 0.172248 0.742101 0.013124 0.014505
0 0.187789 0.741756 0.010361 0.012433
0 0.110082 0.776293 0.014505 0.019340
0 0.623986 0.414695 0.015196 0.017268
0 0.641255 0.396736 0.019340 0.024176
0 0.657308 0.383370 0.023326 0.032998
0 0.454770 0.344114 0.021050 0.015930
0 0.257069 0.352364 0.018206 0.014223
0 0.080924 0.151303 0.039889 0.072442
0 0.109809 0.177207 0.020632 0.019715
0 0.128880 0.029807 0.020350 0.029990
0 0.146017 0.030343 0.014995 0.033203
0 0.164760 0.016955 0.018208 0.014995
0 0.208138 0.012671 0.021421 0.021421
0 0.241876 0.029272 0.022492 0.031061
0 0.277756 0.018026 0.022492 0.034274
0 0.258251 0.262661 0.019316 0.013018
0 0.273579 0.304023 0.108760 0.107500
0 0.296044 0.260141 0.063828 0.040732
0 0.256071 0.446617 0.038224 0.030177
0 0.241485 0.457179 0.036212 0.027159
0 0.209799 0.386766 0.065383 0.113666
0 0.108707 0.233870 0.018106 0.015088
0 0.175599 0.472267 0.017100 0.025147
0 0.726326 0.843443 0.086507 0.045265
0 0.642837 0.680991 0.018106 0.016094
0 0.712244 0.599513 0.024141 0.022130
0 0.823395 0.745871 0.032189 0.017100
0 0.837981 0.745871 0.064377 0.047277
0 0.871678 0.847466 0.022130 0.019112
0 0.880731 0.803207 0.022130 0.023136
0 0.888275 0.781580 0.026153 0.016094
0 0.924487 0.788118 0.018106 0.015088
0 0.914931 0.771521 0.020118 0.014083
0 0.883749 0.736818 0.022130 0.023136
0 0.903867 0.860040 0.017100 0.012071
0 0.912417 0.849981 0.028165 0.020118
0 0.844519 0.676464 0.015088 0.019112
0 0.886264 0.668417 0.021124 0.017100
0 0.822389 0.552236 0.020118 0.020118
0 0.828425 0.568833 0.017100 0.013077
0 0.648369 0.581407 0.016094 0.022130
0 0.516094 0.715191 0.021124 0.020118
0 0.040809 0.979741 0.012071 0.016094
0 0.067968 0.978735 0.015088 0.014083
0 0.091607 0.970185 0.012071 0.013077
0 0.096133 0.958115 0.017100 0.011065
0 0.289265 0.975215 0.021124 0.017100
0 0.053383 0.893234 0.020118 0.022130
0 0.037244 0.890606 0.016586 0.011610
0 0.035171 0.877337 0.015757 0.013269
0 0.036830 0.866970 0.019074 0.014098
0 0.033098 0.849140 0.014928 0.013269
0 0.037659 0.818870 0.019074 0.010781
0 0.019000 0.619835 0.013269 0.029026
0 0.007012 0.617634 0.014024 0.034574
0 0.137591 0.868214 0.016586 0.024879
0 0.058399 0.871874 0.017773 0.012988
0 0.086085 0.857519 0.018457 0.012988
0 0.017384 0.663037 0.019141 0.009570
0 0.010206 0.653466 0.015723 0.015039
0 0.082667 0.063526 0.025977 0.017773
0 0.236817 0.224854 0.019824 0.013672
0 0.247071 0.911523 0.015039 0.019824
0 0.456592 0.748486 0.021191 0.019141
0 0.455908 0.701318 0.014355 0.015039
0 0.444971 0.720117 0.014355 0.017090
0 0.433008 0.709863 0.013672 0.014355
0 0.367383 0.948437 0.035547 0.040332
0 0.340036 0.932216 0.040539 0.055566
0 0.286360 0.480909 0.059092 0.040001
0 0.309542 0.504546 0.085456 0.041819
0 0.818188 0.458636 0.025455 0.026364
0 0.794096 0.456817 0.025455 0.030001
0 0.771823 0.490909 0.013637 0.014546
0 0.781823 0.476818 0.018182 0.013637
0 0.796824 0.488636 0.016364 0.011818
0 0.495000 0.383634 0.033637 0.021819
0 0.354997 0.299996 0.025455 0.018182
0 0.386816 0.484545 0.043637 0.027273
0 0.710981 0.620581 0.015659 0.013186
0 0.732409 0.622229 0.018131 0.014835
0 0.789275 0.580197 0.019779 0.018131
0 0.632275 0.708764 0.025548 0.019779
0 0.755485 0.649426 0.024724 0.021428
0 0.871689 0.560006 0.022252 0.022252
0 0.932676 0.597504 0.017307 0.023076
0 0.649582 0.822908 0.019779 0.018955
0 0.662768 0.873593 0.017307 0.018131
0 0.666889 0.839803 0.019779 0.021428
0 0.951219 0.888839 0.023076 0.018955
0 0.882403 0.925926 0.017307 0.028845
0 0.911248 0.923453 0.014835 0.027197
0 0.939769 0.788114 0.012920 0.013535
0 0.944691 0.780116 0.015381 0.014766
0 0.931155 0.691522 0.016611 0.015996
0 0.906854 0.680448 0.012305 0.013535
0 0.915467 0.737665 0.017227 0.014766
0 0.897625 0.618617 0.030762 0.031377
0 0.878245 0.585087 0.039990 0.029531
0 0.847791 0.587548 0.023379 0.033223
0 0.960994 0.558632 0.015996 0.014766
0 0.819491 0.411591 0.017227 0.015996
0 0.684447 0.390365 0.023994 0.015381
0 0.741048 0.344531 0.016611 0.019687
0 0.153193 0.218100 0.015996 0.014150
0 0.650301 0.418051 0.014766 0.015381
0 0.122739 0.252553 0.016611 0.014150
0 0.147041 0.239326 0.015996 0.013535
0 0.154424 0.388827 0.018457 0.018457
0 0.194106 0.273164 0.015381 0.019687
0 0.242094 0.241171 0.021533 0.017227
0 0.189184 0.631229 0.016611 0.011074
0 0.187954 0.654608 0.020303 0.038144
0 0.210102 0.643534 0.032607 0.020918
0 0.215639 0.630614 0.015381 0.012305
0 0.231020 0.626000 0.014150 0.014150
0 0.243632 0.639227 0.013535 0.011074
0 0.235942 0.644149 0.022764 0.019687
0 0.239018 0.698597 0.014150 0.021533
0 0.254399 0.707211 0.014150 0.019072
0 0.253476 0.685062 0.060293 0.067060
0 0.273779 0.678602 0.015996 0.017227
0 0.959505 0.256631 0.011239 0.015562
0 0.974634 0.259225 0.019884 0.012104
0 0.965989 0.289484 0.017291 0.022478
0 0.796106 0.249282 0.021614 0.021614
0 0.819881 0.240637 0.022478 0.016426
0 0.828526 0.276516 0.018155 0.020749
0 0.946537 0.193952 0.019884 0.019884
0 0.905903 0.221617 0.016426 0.014697
0 0.800429 0.224211 0.021614 0.016426
0 0.892935 0.383719 0.017291 0.022478
0 0.907632 0.358647 0.014697 0.019020
0 0.910226 0.343085 0.013833 0.017291
0 0.918007 0.511239 0.019884 0.021614
